Data: 
1.46226
2.48347
3.3506
6.56529
7.29041
7.96719
10.1697
11.7197
15.0915
17.424
18.6113
21.3305
21.7505
23.2853
24.2975
28.0168
30.4308
30.8931
31.0018
35.2105
35.8601
36.7726
37.0807
38.4101
39.1383
45.1235
48.5074
56.7949
74.9139
81.0653
86.0354
86.0354
86.0354
86.0354
86.0354
86.0354
86.0354
86.0354
86.0354
86.0354
86.0354
86.0354
86.0354
86.0354
86.0354
86.0354
86.0354
89.7003
89.7003
89.7003
89.7003
89.7003
89.7003
89.7003
89.7003
89.7003
89.7003
89.7003
89.7003
89.7003
89.7003
89.7003
91.9602
94.9665
94.9665
94.9665
94.9665
94.9665
94.9665
94.9665
94.9665
94.9665
94.9665
94.9665
94.9665
94.9665
94.9665
94.9665
94.9665
94.9665
94.9665
94.9665
94.9665
94.9665
94.9665
94.9665
94.9665
94.9665
94.9665
94.9665
94.9665
94.9665
94.9665
94.9665
94.9665
74.5694
74.5694
74.5694
94.9665
94.9665
94.9665
94.9665
94.9665
94.9665
94.9665
94.9665
94.9665
94.9665
94.9665
94.9665
94.9665
94.9665
94.9665
94.9665
94.9665
94.9665
94.9665
94.9665
94.9665
94.9665
94.9665
94.9665
94.9665
94.9665
94.9665
94.9665
94.9665
94.9665
94.9665
89.1262
94.9665
89.1262
94.9665
94.9665
94.9665
94.9665
94.9665
94.9665
94.9665
89.1262
94.9665
89.1262
94.9665
94.9665
94.9665
89.1262
94.9665
89.1262
94.9665
89.1262
94.9665
89.1262
94.9665
89.1262
90.6037
94.4559
95.6553
95.9484
97.6766
99.8036
